    unsorted:	 80.00000000 26.18798849 7.982703381 65.51985144 113.8413073 219.6463395 399.1202874
      sorted:	 7.982703381 26.18798849 65.51985144 80.00000000 113.8413073 219.6463395 399.1202874
